1 0.13125 0.8875 0.0625 0.0234375
1 0.2546875 0.88828125 0.05234375 0.0203125
1 0.43828125 0.88671875 0.04140625 0.021875
1 0.875 0.61875 0.02421875 0.03515625
1 0.87421875 0.690625 0.025 0.04609375
1 0.87265625 0.75546875 0.02109375 0.03671875
1 0.875 0.55078125 0.0234375 0.03984375
1 0.465625 0.0390625 0.0625 0.0265625
1 0.2265625 0.040625 0.0625 0.02421875
1 0.1359375 0.203125 0.05 0.02265625
1 0.0796875 0.278125 0.025 0.0859375
1 0.1359375 0.3515625 0.05 0.0265625
1 0.26328125 0.35 0.0609375 0.02578125
1 0.46015625 0.35078125 0.06796875 0.02890625
1 0.53984375 0.30625 0.02734375 0.04375