0 0.6703125 0.49921875 0.10234375 0.10390625
0 0.346875 0.134375 0.07421875 0.09296875
0 0.2375 0.43984375 0.0734375 0.08671875
0 0.34140625 0.45234375 0.0734375 0.08828125
0 0.34453125 0.83515625 0.07890625 0.071875
0 0.3453125 0.915625 0.0796875 0.06484375
0 0.31015625 0.7515625 0.06015625 0.0765625
1 0.68515625 0.16171875 0.1359375 0.1015625
0 0.8296875 0.5609375 0.06171875 0.09921875
1 0.03203125 0.33203125 0.04609375 0.184375
1 0.03046875 0.55234375 0.04765625 0.16796875
1 0.03046875 0.75390625 0.0375 0.13359375
0 0.02265625 0.93984375 0.04453125 0.1015625