0 0.49921875 0.47734375 0.03046875 0.0625
0 0.471875 0.55 0.0203125 0.0515625
0 0.40546875 0.41640625 0.0234375 0.0671875
0 0.4078125 0.5 0.02109375 0.0609375
0 0.37890625 0.4140625 0.0234375 0.0671875
0 0.396875 0.21015625 0.03359375 0.06875
0 0.18515625 0.22890625 0.03125 0.0703125
0 0.15 0.415625 0.0234375 0.06015625
0 0.18671875 0.6375 0.03359375 0.06953125
0 0.1 0.64140625 0.03515625 0.06640625
0 0.0875 0.7328125 0.03125 0.084375
0 0.9359375 0.421875 0.03203125 0.0609375
0 0.84453125 0.48828125 0.02890625 0.059375
1 0.25234375 0.709375 0.03828125 0.03828125
1 0.15546875 0.71328125 0.04140625 0.03984375
1 0.10859375 0.5515625 0.01484375 0.05546875
1 0.1078125 0.48359375 0.01328125 0.05703125
1 0.14765625 0.24609375 0.0390625 0.03046875
1 0.24921875 0.1984375 0.05625 0.03515625
1 0.2109375 0.22265625 0.01953125 0.0515625
1 0.290625 0.2203125 0.021875 0.046875
1 0.34921875 0.25078125 0.040625 0.025
1 0.44609375 0.2015625 0.0390625 0.02734375
1 0.40625 0.73359375 0.015625 0.03984375
1 0.446875 0.7125 0.04453125 0.03828125
1 0.38828125 0.8234375 0.021875 0.03671875
1 0.3453125 0.81953125 0.021875 0.03203125
1 0.065625 0.6359375 0.01796875 0.0703125