1 0.15234375 0.2953125 0.084375 0.05703125
1 0.2640625 0.2921875 0.05859375 0.03984375
1 0.17109375 0.86640625 0.08515625 0.04765625
1 0.428125 0.86796875 0.05078125 0.03671875
1 0.5921875 0.865625 0.04921875 0.04140625
1 0.3171875 0.86953125 0.08515625 0.04296875
1 0.54609375 0.19140625 0.0984375 0.05859375
0 0.8640625 0.771875 0.1046875 0.13359375
0 0.290625 0.4140625 0.034375 0.07578125
0 0.18203125 0.490625 0.0328125 0.0828125
0 0.13515625 0.6671875 0.03515625 0.07578125
0 0.6484375 0.7734375 0.05390625 0.0890625
0 0.71171875 0.5859375 0.04921875 0.07265625
0 0.6546875 0.5671875 0.0421875 0.09765625