0 0.30078125 0.40546875 0.06640625 0.10078125
0 0.24453125 0.2546875 0.053125 0.07421875
0 0.24140625 0.38984375 0.04453125 0.07265625
0 0.2546875 0.61953125 0.065625 0.08984375
0 0.18828125 0.6375 0.06796875 0.08515625
0 0.97421875 0.23125 0.0515625 0.10625
0 0.91640625 0.059375 0.07890625 0.11875
0 0.6796875 0.1 0.065625 0.10234375
0 0.60390625 0.028125 0.0703125 0.05625
0 0.61640625 0.11953125 0.065625 0.11171875
0 0.78515625 0.390625 0.06796875 0.10859375
1 0.0765625 0.5140625 0.0453125 0.134375
1 0.59453125 0.6015625 0.0453125 0.10703125