0 0.26640625 0.53046875 0.0515625 0.0609375
0 0.1390625 0.490625 0.0515625 0.0671875
0 0.13515625 0.15703125 0.04375 0.0453125
0 0.4921875 0.375 0.04765625 0.078125
0 0.79140625 0.51796875 0.05078125 0.06875
0 0.359375 0.7171875 0.04765625 0.0671875
0 0.30625 0.77421875 0.04921875 0.07890625
0 0.27734375 0.8828125 0.06796875 0.1
1 0.659375 0.896875 0.09609375 0.0375
1 0.49453125 0.89609375 0.09453125 0.03671875
1 0.36796875 0.90234375 0.040625 0.0375
1 0.05390625 0.15625 0.0296875 0.05078125
1 0.0546875 0.2328125 0.03046875 0.04765625
1 0.58671875 0.39453125 0.14765625 0.0375
1 0.84453125 0.38828125 0.06015625 0.0328125
0 0.7875 0.3703125 0.0546875 0.07890625
1 0.928125 0.6375 0.03125 0.09453125
0 0.30078125 0.28359375 0.05234375 0.07734375